null
1213 123 123 123 123 
 
null
1213 123 123 123 123 
 
null
1213 123 123 123 123 
 
null
1213 123 123 123 123 
 
null
1213 123 123 123 123 
 
null
1213 123 123 123 123 
 
null
1213 123 123 123 123 
 
null
1213 123 123 123 123 
 
null
1213 123 123 123 123 
 
null
34 34 12 3 2 
1100 656 148 4200 2 
 
null
 
null
 
null
550 328 74 2100 23 
 
null
 
null
 
null
1213 123 123 123 123 
 
null
1213 123 123 123 123 
 
null
1213 123 123 123 123 
 
null
1213 123 123 123 123 
 
null
 
null
 
null
 
null
 
null
 
null
275 164 37 1050 1 
550 328 74 2100 1 
1100 656 148 4200 1 
 
null
275 164 37 1050 1 
550 328 74 2100 1 
1100 656 148 4200 1 
 
null
275 164 37 1050 1 
550 328 74 2100 1 
1100 656 148 4200 1 
 
null
275 164 37 1050 1 
550 328 74 2100 1 
1100 656 148 4200 1 
 
null
275 164 37 1050 1 
550 328 74 2100 1 
1100 656 148 4200 1 
 
null
1100 656 148 4200 12 
 
null
1100 656 148 4200 89 
 
null
550 328 74 2100 23 
 
null
550 328 74 2100 2 
 
null
1100 656 148 4200 5 
 
null
1100 656 148 4200 12 
 
null
1100 656 148 4200 12 
 
null
1100 656 148 4200 12 
 
null
1100 656 148 4200 12 
 
null
1100 656 148 4200 12 
 
null
1100 656 148 4200 1 
 
null
1100 656 148 4200 1 
 
null
1100 656 148 4200 12 
 
null
1100 656 148 4200 3 
 
null
1100 656 148 4200 12 
 
null
1100 656 148 4200 2 
 
null
1100 656 148 4200 2 
 
null
1100 656 148 4200 3 
 
null
1100 656 148 4200 3 
 
null
1100 656 148 4200 6 
 
null
12 12 12 12 23 
23 23 23 123 23 
78 787 8878 89 null 
Hi h el I 8 
 
null
12 12 12 12 23 
23 23 23 123 23 
78 787 8878 89 null 
Hi h el I 8 
 
null
12 12 12 12 23 
23 23 23 123 23 
78 787 8878 89 null 
Hi h el I 8 
 
null
12 12 12 12 23 
23 23 23 123 23 
78 787 8878 89 null 
Hi h el I 8 
 
null
12 12 12 12 23 
23 23 23 123 23 
78 787 8878 89 null 
Hi h el I 8 
 
null
12 12 12 12 23 
23 23 23 123 23 
78 787 8878 89 null 
Hi h el I 8 
 
null
12 12 12 12 23 
23 23 23 123 23 
78 787 8878 89 null 
Hi h el I 8 
 
null
1213 123 123 123 123 
 
null
55 55 55 55 55 
 
null
55 55 55 55 55 
 
null
1213 123 123 123 123 
 
null
1100 656 148 4200 1 
 
null
1200 120 1200 20 1 
 
null
1100 656 148 4200 1 
 
null
1100 656 148 4200 1 
 
null
550 328 74 2100 5 
 
null
1100 656 148 4200 1 
 
null
1200 120 1200 20 1 
 
null
1100 656 148 4200 1 
 
null
1100 656 148 4200 1 
 
null
1100 656 148 4200 1 
 
null
1100 656 148 4200 1 
 
null
1100 656 148 4200 1 
 
null
1100 656 148 4200 1 
 
null
1100 656 148 4200 1 
 
null
1100 656 148 4200 1 
 
null
1100 656 148 4200 1 
 
null
1100 656 148 4200 1 
 
null
1100 656 148 4200 2 
 
null
1100 656 148 4200 4 
 
